0110110010011100
1000111001010010
1001001110100111
1001011111010110
0001100001010011
1011110110010110
0010000000100100
0100110100000110
1110110011110011
0100001111010110
1011000001011001
1100100011101110
0100111010111101
0001111111001111
0101110010111010
1110001011000001
0010001101100100
1100010110101000
1101101011011101
0110000110111011
1010001010011101
0010101000001111
1000001110011001
1011010101010111
0100111010111111
1100001110110110
0011001111111010
1011100101110011
0100011001000100
0000101010101101
1000111010000001
0110001101100110
1010000100110110
1000001110000101
1000001100000011
0001000001000110
0000010011010001
1010000011110001
1101100100000001
0101110110100100
0001110001101111
0110000100000000
0110001100011011
0101110111101110
0001010011000101
0111000011000001
0000100001010110
1111101000011010
1001101011011110
0001010100010001
1001010110011110
1011000001100111
1000101101011000
0001101011101011
0110100010110111
0010000001001001
1111000111101010
0101111100100100
0100000110000101
0111100011100011
0010110000110100
0110110111111101
1101001100010000
1101001110101111
1010001101110101
0100101101001001
0111110101100100
1100011110011111
0011100100011110
0010011010101011
0001101100010101
1001101010001000
1011110001011101
1111100100000000
0000111110000000
1100010010010101
0011001100111111
0001010011011000
0000101101000000
0101011110000111
0101001101001010
0010001100000110
1110011100011010
1001010111000010
0101001001100001
0001100010110011
0100110110001111
0000001001100101
0110011100101101
0000011011100011
0001001101100001
0100111110010111
0100101001111011
0111100111010100
0100100101001010
1010000111100110
0000101001011001
0101111010010110
1110000110100010
1101101101100001
1001011001110011
0100000011100100
1000000111000010
0110001100110111
0100000001100010
1000010001111001
0101101110011010
1101001111000000
0011011101100110
1011001000100001
0110101000100001
1111000011101101
1100011001011101
1011100000100000
0011100101000110
0100001110111101
0011100111010111
0000111111011100
0001010101011111
1100100010011111
1111111001010110
1000111010101010
1001011010111010
1001111001110100
0100011101011000
1110111000101110
1010001000101111
1100011111000011
1010000001010001
1010010100110100
1000100010110101
1111111101111000
0101011100011110
0001111010101100
1010101100010010
1110111010001101
1101101100111000
1010111100001010
1110110001000100
0010110010000111
1010111000010101
1110000100101101
0010011001011001
1001111010110110
1110000010101001
0111010010010011
0010100000011111
0100101001000100
1101011111000110
1010101010001011
1000100110000100
0100001100000110
0001111001000100
0100011111100011
0101101011100001
1001110110101101
1001100001100000
0111011011001001
1100100101010000
0000011111010010
0011100000110001
0010101011100101
0001011010000000
1111101000101001
0111101001001101
0011101110110101
0010101001110001
0110101100101101
1111001001000100
0110010011011101
1011010100010010
1011101010011101
1100111110100000
0010011111100010
1000100011011101
1111000110001100
0011011100010001
1111101001110111
0010111101100010
0101100010111001
0011011101010010
1011001001110101
1100110100010101
0000011011000001
0110101001001110
1110000110001001
0100000001111001
0111010101111011
0000110011011101
1100001110000111
0111011011110000
1110100101111101
1110101110000000
0000111101001010
0011110010011111
1100010010101100
1011001110011101
0111100110010001
1011000001110010
1011001011010110
1111110110111111
0000011000101100
0110001100111101
1000111100110001
0111010011001101
0111100100100101
1011000001110111
1011010000000011
1110011110101011
0110011001001001
0110111010100101
0011000011101010
0010000001100100
1100100000101010
1111000011101011
0010011001101111
0010010000001111
0010011010010001
1110111110001101
1001111011101001
1010011101011011
0010011111011100
0100101001011111
1110011000100101
1100001010011101
0101011000101000
1011011001100010
1111100001010110
1000010000010100
1100011101100111
1110110001010001
1010101001110101
0100110001100001
1101000011000001
0100011010011111
0101101011001100
0100000000110011
0110010010001110
0000000000000001
1100011001010001
0101110010000001
1110001001101111
1101010011110111
1000010101100001
1111110101001101
0011001011110100
1010110111000010
1101110000010101
1011001100010111
1000011100100111
0101111110011010
0110000101010000
1001001000000100
1100010100000110
0001000010010001
1000010101100000
0100111101001110
0110111010110111
1010010110010111
0000101101001001
0010011011101011
0001111100100101
0011001100001110
1100101100101101
0000000110010000
0010001001101001
0111010000101010
0100001110111110
0010010011010001
1100011100011010
1000100110011100
1100100101111101
0110001101101101
1010100011110100
1011100100101100
0000111010100011
1001110100111011
0110001100011010
1000010001100011
1101110100010110
1111111101010010
0000100000111000
1001010000111001
1011011100010000
0101100010101011
1010001101001111
1001001101010111
0000011010101011
0001001010011101
0011000001011001
1011100101110011
0100100000101101
0011101001100101
1001010010010011
0010111110111010
1111100001001101
0111010010000111
0011110000011011
1000010001010100
0110011010001100
0010101100010100
0010101101111010
1010110111001000
1001000101110100
0001010110110011
0110010100011010
0111100010100000
0000011101000101
1110110001100011
1001011100011111
1010100011111111
0000100111110000
1000001000010001
1111011111100111
1110100010001101
1111110110101100
0011011010110000
1110011110101001
1100001101001010
0110111000111100
0001010000011101
0100101001111000
0010101110100100
0011011001000110
0101011100001111
0010000011011011
0101010111001110
1010010111100000
0100110101111011
0000101000010000
0001100100000110
1000011110000011
0110110010110001
0011110111000100
0110010001101101
0111000000110001
0110001010001111
1001100001100000
0100011011001010
0000110010111010
0101010001001000
1100010101101110
0111011000100011
1101110000001001
0010101000100010
0010111111111101
1111110111110000
1011100100111111
0001110010110111
0111101011000010
0001001000000110
1100011010101001
1101001110001100
1000101011000101
0011101001011111
0111110011111000
0110101101100101
1011010100101010
0111011100010111
1100001100111000
1010101111100010
1100001010010111
1110100000111111
1101101000001011
1000001101001101
1001010010000011
0110111001011110
1011110000101010
1000110001101010
1011110011111000
1011011101001110
1101011110001100
0110101010001101
0001101001001010
0111001011011110
1000111111011010
1010000100100101
0101001100001101
1010010011000111
1110100001111101
0101101010110100
0110010100110001
0101000011000011
0010000101000111
0000111000010000
1110111001110010
1101111010000101
0100111100100100
0111001011011110
0010001010101011
1110110110110110
1110011101010100
0001001101111001
1011010101010011
0000011001100011
1100101100100001
0100010010001000
0010001101111101
0010011011010010
1101110010010111
1100110100010110
0011101101001100
0110110001100010
0100111011001101
0110000100110110
1101011001111111
0000110011101000
0100110110001001
0100110000110001
1001011000111100
1011011111001110
1001110111000000
1011000111000011
1111001100010101
1000011011011100
1010000001001010
0101110001110001
0111101010000111
0101010000110001
1001010001011111
1100010110101000
1101110011011000
0001101011010000
1110001100110110
0101010100100100
0010100000100001
0101111010100001
0011101111001001
0010001100100001
0010101010101110
0101111111010010
1101110011100110
1010000111010010
0101001101110011
1100101100100100
1000000001100011
1001011010101000
1010000011101010
1000000111011011
0100000000001111
1101000111010011
0100000110001000
1100110101000011
1110001011100000
0010011111010111
0100011110001101
0000010111110110
1010011010111110
1110111110010111
0001010011111011
1100000111001000
1000010101110011
0000110011000010
1000101001110101
0101010101111101
1110101100001011
0111011001110101
1010100100011000
0111101111101110
0111100100110000
0010001000111011
1110111011110011
0001000100000110
1000111100110111
0100100000010011
1011100000100101
1101100010000010
0010001100100101
0011001010011000
1010101110000011
1010111001011100
0110000110110100
1010011101100010
0111111000101000
0101001001010110
1101001000011100
0011100101101011
0010010010011000
1011001001101110
0011000011001111
1001001111000110
0110010110010101
1101001010111011
0110110110011010
1000001100111101
1101110101000000
0111111010010010
1110100110111010
1000111000011110
1010001010001010
1000110110101011
1101010011000010
0001111110111101
1101101011111011
0110110001011011
0111000010001111
1100000111111011
1101010111001000
0111100011101100
0010111011110011
0111010001000110
0101001101000110
1100101010101011
0001110101010110
1100111001011001
0111000000111100
0101000100011000
0101100010000011
0010111100000000
0000100110011101
0000100000101001
1100001100100011
1111111100001010
1010110111001111
0100101010010101
0101100000111101
1100011101001000
1001101101111010
1100011011011010
0110100110100001
0111100110010111
0001011101000110
1000010111101100
0010100100101101
1111100000110100
1000101000001101
1011001101010001
0000110111111110
1110010010101110
1101111010101000
0000000001100101
0100111001011001
1001011101000001
0111010011010000
0100101001100011
1011111000010011
0111101001111000
1100111000110001
1111100101010101
1010111100110101
0110101110110111
0100011000111011
0011001000001110
1011010111101011
1111011101011000
0000010101111101
0101000010110001
1100111111011001
0100111011011010
1101001101000001
1101101010110011
1010110100011001
0010010001000001
1000011110110000
1110011110101001
1111111000000010
0010100110010100
1111010100110001
1001101011111110
0011001001010011
0011010110100100
1100000101101011
1110111010101001
1011100010110101
0111100111001001
0100010110001110
0101011101000101
1010000000110101
0101010100100110
1110010111010010
0110111101101001
1110011101011110
0100111000001000
0010001011010001
0010001000001111
0001110101001110
1011010000011111
1101111010100010
0110111110100101
0011011010001111
1100001101100000
1000101110001000
0101101111010010
0110100110101111
0101001100011101
1101011100101001
1011000111010100
1110000111101011
1000111110011001
1100011000101100
1000100010110000
1000010011001001
0100011001101010
0001101000000000
1000000001000100
1101011011010001
0000110001111001
1101110011000100
0010110101100001
0111000110001010
0111101101000000
1010110001100001
1110101011111011
1011010000110100
1100011110010100
0111100111011011
0101101000001111
0001101000100000
1100111100100100
0101000000110000
0010101110110001
0001101111111010
0011111110101001
0010101101010000
1100010110111000
1111111111001100
1000000001101001
1101101000100000
0110001110010011
0010000110100011
1101101101100101
1001000111010001
1000010100000000
0011010011110101
1110111110001010
0001011100011010
0110101100000011
0010010000110110
0111111011001111
1001111010100011
0000110101011011
0100001110011001
1011001001101110
0011110000010101
1101101111111101
1100100101001010
0011010100111100
1111001010001100
1101010101110001
1100110100111011
1011011000100000
1100001101000001
1010010100011100
1011000101101110
0001011011110000
0111111110010010
1111111000010110
1110001100111100
0110110011110011
1000000000011010
0110000110100000
1001011101110000
1101000000111010
1101010001111010
0110010100100110
0000111110100000
1100101101110010
0110010110110001
1101011011110001
0110000001000101
1010001111011000
1001100011001011
1010011100010100
1101000110001001
1100001001010111
0010011110000100
0100000111001100
1101111001011100
1010001010110111
1111001101101001
0010101010010001
1000010110001011
0110001000111011
0010011000111001
0010101101010001
0000000101101011
0101001110100100
1010101101100101
0001000111001111
1010101010000100
0101010001100010
0011111011111011
1111100111100010
1101110010001101
1010100110110010
0000010011010111
1111001110101100
1111110000111011
1100011001101011
1000111111010100
0110100000001011
0011001101100100
1100000110101101
1001001010000000
0011111011010011
1001111010110101
0001101001100101
0111011001000000
0010100100001111
0011000100000010
1110001111011100
1001101100001000
1000110111011011
0100110101100111
0110110001101101
0000010101000001
1010010110001011
0100010000000111
1111100111100110
1010000000101111
1001100110010110
1110001111010100
0000011001011101
1101001100110101
1101000110111110
0100000101100110
0100010111001010
0110110001100000
0001011110010010
0010011000111100
1111111111000010
1110100000011100
0101111100100100
0101011100001000
1001011111100110
0110101001111101
0001000000101011
1011110001110000
1110000011010010
1010111100101001
0001111000010111
0100011100110001
1010011100101011
1000000010010011
1111000100100010
1000000100000110
0010000110101010
0101011011111101
0001111010000011
1100010101101111
0110101111110111
1010110010110100
0010110010110100
0111011001100110
0110101100000011
0100000111000000
1000100110010011
1001101101110000
0011000101011110
0000110101100001
0010100110010010
0110111101001101
0001011000110001
0111100100101011
0000110100100111
1101101101100000
0001001001001000
1111101001010001
0010100000000111
1010110110000111
0011011001010000
1000011001101011
1111011000001011
1111010111011001
0111100101000010
0000100101110010
1110110010111111
0000111001000111
1110110001000010
0011111000011011
0010101010110000
1000000010101111
1000011101010001
1010010010011111
1000000000011000
1001001100011001
1000110110100000
0111110010001100
1100001111101001
1100100101000011
1101000100110000
1001001101111000
0100110111001101
1011111100101011
1111101000110110
1111110101101010
1110100110001000
1111110101100101
0001111000010101
0110111011001101
0000001010111011
0110010000100110
0111111000011000
1000000110001001
1001101110111001
0011101000101000
1100010001000101
0010000011100101
0100111000100011
1010101111011000
0011111110000101
0101010000111101
0110000001111011
1111110110010101
0011101000111111
1101000010011100
1010011011011100
0010100110011001
1000110001000111
1011111110111011
0110010101000111
1001001110111100
0010001011100001
0011100010000111
1000110010101000
0011100011000001
0000100011001101
1111111100101000
0100100101000101
1010111000011010
0010011010111001
1010111110011110
1010000010000010
1101001100010000
1101010101010110
1000010100011010
0100111110101100
1000111101100110
1101101101010011
0001111001000011
1110110000011001
0100100000111000
0000010110110101
1100011010101101
1000011010001011
1111011010000100
1111000010001101
0110110100111000
1110011011011100
0101101010010101
1100000101000000
0101011010011000
1011101011000010
0100010010001000
1010001110101111
1001100010101010
1001111111100011
1101010110111011
1011000111001000
1110111111010111
1011110001001100
1111100111000100
0101000100001011
0101011111100011
0101000110001001
1110000011011001
1101000111101111
0111101010011100
1101100010100010
0010011101100100
0101010100100010
1101000000111010
1101011001101001
0101001010110100
0100101101001100
0001101110010010
0100010110100001
0111010110001101
0111110010101000
0110110000101110
0100110110111101
1011110010011001
1010011001011001
1101111110111010
0110111100000000
1110100100000100
1111100011011110
1001111110110000
1000011001000000
0000100000010010
1101100100101101
1010011000100010
1001110011101110
0110001000001110
1011101101111000
0010111111001001
0011100010011011
1111101101111101
0101010010000000
0101001000001100
0101001001100010
1000110101011010
0110011110010100
0000010011011011
1001110000111001
1010001001111001
1110001110100000
0001000101011111
1111100000110011
0101101110110010
1111011001101001
1111011101101001
1111000100011001
1011100100101010
1011100000010001
0011001000010111
1001010000110110
1101111000101111
0001100100000100
1100001110111010
1100111101110110
0011100000100010
0010101010001101
1010110010110001
0001101111110100
1100001000001101
0000110001101110
1110101111101100
0100110101110110
0010100011010100
0001001100000010
0000000101111110
0101100001010011
0000110111001001
0001101100101001
1000011010100100
1001001000111001
0010001010101100
1101010100000011
0001101101111011
0000100010000101
1111010111110111
0011100000011010
1110110000011011
0000010001110110
1100000001101100
0100110011010100
1100100010110011
0111001000000101
1011111011011111
1110100001111011
0101001000110010
0111001111100011
1101011110010110
1100011010011101
0000100100011100
0100000001101010
0000001100111001
1100111011011000
1000000011111100
0011100110101110
0010101110001000
1111110111010111
0010101001110101
0010111111100010
0101110010111110
1110000011000011
0000001101111011
0000111100010101
0110010010111010
1010010101011000
1111010011100001
0011010001000000
0101000011001011
1110101100100010
0100001100111000
1010101011110011
1111001110100110
0000101001000010
0101100000110101
0100110100110010
0111111001100001
0000110000101000
0101100100100101
1011110010010001
0011101100110010
0100011000110011
0110001111100101
0011100111100110
0011110001010010
1000110101001000
1100111011101100
0100011011001000
0100100000111000
1001101001010101
1010100111010111
0000111011000100
0010011011100010
1010111100010000
1000001010110111
1110001111001100
1000000100110101
1011001010100111
0010001010111101
0000010010100001
1001110001111111
0111011101010111
1101101001110101
0100010000010000
1100011000110001
